XE: 48.515541
YE: 72.436722
distance: 17.633682
